currentData,speed
65536,939
2881821,43690
3012893,262144
5568797,262144
8124701,524288
10680605,262144
13236509,524288
15792413,524288
18348317,262144
20904221,524288
23460125,262144
26016029,524288
28571933,524288
31127837,262144
33683741,262144
36239645,262144
38795549,262144
41351453,262144
43907357,524288
46463261,524288
49019165,524288
51575069,524288
54130973,262144
56686877,262144
59242781,524288
61798685,524288
64354589,524288
66910493,262144
69466397,262144
72022301,524288
74578205,262144
77134109,262144
79690013,262144
82245917,262144
84801821,262144
87357725,262144
89913629,262144
92469533,262144
95025437,262144
97581341,262144
100137245,262144
102693149,262144
105249053,262144
107739421,262144
110295325,262144
112851229,262144
115407133,262144
117963037,262144
120518941,262144
123074845,262144
125630749,262144
128186653,262144
130742557,262144
133298461,262144
135854365,262144
138410269,262144
140966173,524288
143522077,262144
146077981,262144
148633885,262144
151189789,262144
153745693,262144
156301597,262144
158857501,262144
161413405,262144
163969309,262144
166525213,262144
169081117,524288
171637021,262144
174192925,262144
176748829,524288
179304733,262144
181860637,262144
184416541,174762
186972445,262144
189528349,174762
192084253,262144
194640157,262144
197196061,262144
199751965,174762
202307869,262144
204863773,262144
207419677,262144
209975581,262144
212465949,174762
215021853,262144
217577757,262144
220133661,262144
222689565,262144
225245469,262144
227801373,174762
230357277,524288
232913181,262144
235469085,262144
238024989,262144
240580893,524288
243136797,262144
245692701,524288
248248605,262144
250804509,262144
253360413,131072
255916317,262144
258472221,262144
261028125,262144
263584029,262144
266139933,174762
268695837,262144
271251741,262144
273807645,524288
276363549,262144
278919453,262144
281475357,174762
284031261,262144
286587165,262144
289143069,262144
291698973,174762
294254877,262144
296810781,131072
299366685,262144
301922589,262144
304478493,262144
307034397,262144
309590301,524288
312146205,262144
314702109,262144
317192477,262144
319748381,262144
322304285,262144
322959645,524288
324860189,524288
327416093,524288
329971997,524288
332527901,174762
335083805,262144
337639709,524288
340195613,262144
342751517,262144
345307421,262144
347863325,262144
350419229,262144
352975133,262144
355531037,262144
358086941,524288
360642845,524288
363198749,524288
365754653,262144
368310557,262144
370866461,524288
373422365,262144
375978269,524288
378534173,524288
381090077,524288
383645981,262144
386201885,524288
388757789,524288
391313693,262144
393869597,262144
396425501,524288
398981405,262144
401537309,262144
404093213,262144
406649117,524288
409205021,262144
411760925,262144
414316829,524288
416872733,262144
419428637,524288
421919005,262144
424474909,524288
427030813,262144
429586717,174762
432142621,524288
434698525,524288
437254429,262144
439810333,524288
442366237,262144
444922141,524288
447478045,262144
450033949,524288
452589853,524288
455145757,524288
457701661,262144
460257565,262144
462813469,262144
465369373,262144
467925277,262144
470481181,262144
473037085,262144
475592989,262144
478148893,262144
480704797,174762
483260701,262144
485816605,262144
488372509,262144
490928413,262144
493484317,524288
495974685,524288
496040221,262144
498596125,262144
501152029,262144
503707933,262144
506263837,262144
508819741,262144
511375645,262144
513931549,262144
516487453,262144
519043357,262144
521599261,262144
524155165,262144
526645533,524288
529201437,262144
531757341,262144
534313245,262144
536869149,524288
539425053,262144
541980957,262144
544536861,524288
547092765,262144
549648669,262144
552204573,262144
554760477,262144
557316381,524288
559872285,262144
562428189,262144
564984093,524288
567539997,262144
570095901,262144
572651805,262144
575142173,524288
575207709,262144
577763613,262144
580319517,262144
582875421,262144
585431325,262144
587987229,524288
590543133,524288
593099037,524288
595654941,262144
598210845,262144
600766749,262144
603322653,262144
605878557,262144
608434461,524288
610990365,262144
613546269,262144
616102173,262144
618658077,262144
621213981,262144
623769885,262144
626325789,524288
628881693,524288
631372061,262144
633927965,262144
636483869,524288
639039773,524288
641595677,524288
644151581,262144
646707485,524288
649263389,524288
651819293,174762
654375197,262144
656931101,262144
659487005,262144
662042909,262144
664598813,262144
667154717,262144
669710621,262144
672266525,262144
674822429,262144
677378333,262144
679934237,524288
682490141,524288
685046045,524288
687601949,262144
690157853,262144
692713757,524288
695269661,262144
697825565,262144
700381469,524288
702937373,524288
705493277,262144
708049181,262144
710605085,262144
713160989,524288
715716893,524288
718272797,524288
720828701,524288
723384605,262144
725940509,262144
728496413,262144
731052317,524288
733608221,262144
736098589,174762
738654493,262144
741210397,262144
743766301,262144
746322205,524288
748878109,262144
751434013,262144
753989917,262144
756545821,262144
759101725,262144
761657629,262144
764213533,524288
766769437,524288
769325341,524288
771881245,262144
774437149,262144
776993053,262144
779548957,262144
782104861,262144
784660765,524288
787216669,524288
789772573,262144
792328477,262144
794884381,262144
797440285,262144
799996189,262144
802552093,262144
805107997,262144
807663901,262144
810219805,524288
812775709,174762
815331613,524288
817887517,262144
820443421,262144
822999325,524288
825555229,524288
828111133,262144
830667037,262144
833222941,262144
835778845,262144
838334749,262144
840825117,262144
843381021,262144
845936925,262144
848492829,262144
851048733,524288
853604637,262144
856160541,262144
858716445,262144
861272349,262144
863828253,262144
866384157,262144
868940061,262144
871495965,262144
873986333,524288
874051869,262144
876607773,262144
879163677,262144
881719581,262144
884275485,262144
886831389,262144
889387293,262144
891943197,262144
894499101,262144
897055005,262144
899610909,524288
902166813,524288
904722717,262144
907278621,524288
909834525,524288
912390429,524288
914946333,262144
917502237,524288
920058141,524288
922614045,524288
925169949,524288
927725853,524288
930281757,524288
932837661,524288
935393565,262144
937949469,524288
940505373,524288
943061277,524288
945551645,524288
948107549,524288
950663453,262144
953219357,262144
955775261,262144
958331165,262144
960887069,262144
963442973,262144
965998877,262144
968554781,174762
971110685,174762
973666589,262144
976222493,262144
978778397,262144
981334301,174762
983890205,262144
986446109,262144
989002013,262144
991557917,262144
994113821,174762
996669725,262144
999225629,262144
1001781533,262144
1004337437,262144
1006893341,524288
1009449245,262144
1012005149,174762
1014561053,262144
1017116957,262144
1019672861,262144
1022228765,262144
1024784669,262144
1027340573,174762
1029896477,262144
1032452381,174762
1035008285,262144
1037564189,262144
1040120093,262144
1042675997,262144
